每幅图像的定标误差：
	第1幅图像的平均误差：0.213366像素
	第2幅图像的平均误差：0.248374像素
	第3幅图像的平均误差：0.251665像素
	第4幅图像的平均误差：0.194955像素
	第5幅图像的平均误差：0.168667像素
	第6幅图像的平均误差：0.198579像素
	第7幅图像的平均误差：0.207107像素
	第8幅图像的平均误差：0.279286像素
	第9幅图像的平均误差：0.194479像素
	第10幅图像的平均误差：0.221184像素
	第11幅图像的平均误差：0.206185像素
	第12幅图像的平均误差：0.142501像素
	第13幅图像的平均误差：0.126344像素
	第14幅图像的平均误差：0.10289像素
总体平均误差：0.196827像素

相机内参数矩阵：
{1466.67,0,380.459}
{0,1458.87,233.03}
{0,0,1}

畸变系数：
{-0.0106048,-4.12422,-0.010474,0.0073096}

第1幅图像的旋转向量：
{{-2.65698e+303,-2.65698e+303,-2.65698e+303}}
第1幅图像的旋转矩阵：
{-0.768964,-0.0170521,0.639065}
{0.315489,0.859316,0.402546}
{-0.556022,0.511161,-0.655403}
第1幅图像的平移向量：
{{-2.65698e+303,-2.65698e+303,-2.65698e+303}}

第2幅图像的旋转向量：
{{-2.65698e+303,-2.65698e+303,-2.65698e+303}}
第2幅图像的旋转矩阵：
{-0.99295,0.118273,-0.0078098}
{0.108422,0.879672,-0.463056}
{-0.0478971,-0.460639,-0.886294}
第2幅图像的平移向量：
{{-2.65698e+303,-2.65698e+303,-2.65698e+303}}

第3幅图像的旋转向量：
{{-2.65698e+303,-2.65698e+303,-2.65698e+303}}
第3幅图像的旋转矩阵：
{-0.621226,0.314979,-0.717542}
{0.0863413,0.9376,0.336826}
{0.77886,0.147292,-0.609657}
第3幅图像的平移向量：
{{-2.65698e+303,-2.65698e+303,-2.65698e+303}}

第4幅图像的旋转向量：
{{-2.65698e+303,-2.65698e+303,-2.65698e+303}}
第4幅图像的旋转矩阵：
{-0.878181,0.276851,-0.390066}
{0.0648579,0.876866,0.47634}
{0.473911,0.393014,-0.788003}
第4幅图像的平移向量：
{{-2.65698e+303,-2.65698e+303,-2.65698e+303}}

第5幅图像的旋转向量：
{{-2.65698e+303,-2.65698e+303,-2.65698e+303}}
第5幅图像的旋转矩阵：
{-0.961443,0.25317,-0.107393}
{0.132793,0.769359,0.624862}
{0.24082,0.586508,-0.773314}
第5幅图像的平移向量：
{{-2.65698e+303,-2.65698e+303,-2.65698e+303}}

第6幅图像的旋转向量：
{{-2.65698e+303,-2.65698e+303,-2.65698e+303}}
第6幅图像的旋转矩阵：
{-0.969426,0.234925,-0.0708792}
{0.119402,0.703955,0.700136}
{0.214375,0.670267,-0.710482}
第6幅图像的平移向量：
{{-2.65698e+303,-2.65698e+303,-2.65698e+303}}

第7幅图像的旋转向量：
{{-2.65698e+303,-2.65698e+303,-2.65698e+303}}
第7幅图像的旋转矩阵：
{-0.988073,-0.00768128,0.153793}
{0.0751618,0.847636,0.525227}
{-0.134395,0.530522,-0.836949}
第7幅图像的平移向量：
{{-2.65698e+303,-2.65698e+303,-2.65698e+303}}

第8幅图像的旋转向量：
{{-2.65698e+303,-2.65698e+303,-2.65698e+303}}
第8幅图像的旋转矩阵：
{-0.989614,-0.00782321,-0.143537}
{0.094125,0.719433,-0.688154}
{0.108649,-0.694518,-0.711225}
第8幅图像的平移向量：
{{-2.65698e+303,-2.65698e+303,-2.65698e+303}}

第9幅图像的旋转向量：
{{-2.65698e+303,-2.65698e+303,-2.65698e+303}}
第9幅图像的旋转矩阵：
{-0.0478287,0.997957,-0.0423639}
{0.983331,0.0544915,0.173466}
{0.17542,-0.0333611,-0.983928}
第9幅图像的平移向量：
{{-2.65698e+303,-2.65698e+303,-2.65698e+303}}

第10幅图像的旋转向量：
{{-2.65698e+303,-2.65698e+303,-2.65698e+303}}
第10幅图像的旋转矩阵：
{0.00570248,0.926536,-0.376163}
{0.985109,0.0594364,0.161333}
{0.171838,-0.371482,-0.912399}
第10幅图像的平移向量：
{{-2.65698e+303,-2.65698e+303,-2.65698e+303}}

第11幅图像的旋转向量：
{{-2.65698e+303,-2.65698e+303,-2.65698e+303}}
第11幅图像的旋转矩阵：
{-0.997848,0.0643007,-0.0128072}
{0.0579241,0.956105,0.287241}
{0.0307149,0.285882,-0.957773}
第11幅图像的平移向量：
{{-2.65698e+303,-2.65698e+303,-2.65698e+303}}

第12幅图像的旋转向量：
{{-2.65698e+303,-2.65698e+303,-2.65698e+303}}
第12幅图像的旋转矩阵：
{-0.925511,0.334632,-0.177341}
{0.246378,0.887632,0.38911}
{0.287622,0.316433,-0.90396}
第12幅图像的平移向量：
{{-2.65698e+303,-2.65698e+303,-2.65698e+303}}

第13幅图像的旋转向量：
{{-2.65698e+303,-2.65698e+303,-2.65698e+303}}
第13幅图像的旋转矩阵：
{-0.937195,0.335962,-0.0937773}
{0.291442,0.901951,0.318664}
{0.191642,0.27132,-0.943217}
第13幅图像的平移向量：
{{-2.65698e+303,-2.65698e+303,-2.65698e+303}}

第14幅图像的旋转向量：
{{-2.65698e+303,-2.65698e+303,-2.65698e+303}}
第14幅图像的旋转矩阵：
{0.822739,0.510071,-0.250854}
{0.564212,-0.786416,0.251426}
{-0.0690307,-0.348393,-0.934803}
第14幅图像的平移向量：
{{-2.65698e+303,-2.65698e+303,-2.65698e+303}}

