每幅图像的定标误差：
	第1幅图像的平均误差：0.829842像素
	第2幅图像的平均误差：0.492003像素
	第3幅图像的平均误差：0.410898像素
	第4幅图像的平均误差：0.310216像素
	第5幅图像的平均误差：0.480699像素
	第6幅图像的平均误差：0.451065像素
	第7幅图像的平均误差：0.467439像素
	第8幅图像的平均误差：0.403413像素
	第9幅图像的平均误差：0.565819像素
	第10幅图像的平均误差：0.674408像素
	第11幅图像的平均误差：0.926697像素
	第12幅图像的平均误差：1.51328像素
总体平均误差：0.627148像素

相机内参数矩阵：
{1151.71,0,324.715}
{0,1155.97,300.156}
{0,0,1}

畸变系数：
{0.331104,-0.802216,-0.0175244,-0.0240113}

第1幅图像的旋转向量：
{{-2.65698e+303,-2.65698e+303,-2.65698e+303}}
第1幅图像的旋转矩阵：
{-0.997586,0.066893,0.0186182}
{0.0671719,0.997632,0.0147797}
{-0.0175854,0.0159947,-0.999717}
第1幅图像的平移向量：
{{-2.65698e+303,-2.65698e+303,-2.65698e+303}}

第2幅图像的旋转向量：
{{-2.65698e+303,-2.65698e+303,-2.65698e+303}}
第2幅图像的旋转矩阵：
{-0.944458,0.327662,-0.0252479}
{0.32793,0.944675,-0.00720405}
{0.0214906,-0.0150835,-0.999655}
第2幅图像的平移向量：
{{-2.65698e+303,-2.65698e+303,-2.65698e+303}}

第3幅图像的旋转向量：
{{-2.65698e+303,-2.65698e+303,-2.65698e+303}}
第3幅图像的旋转矩阵：
{-0.799474,0.599417,-0.0392492}
{0.600606,0.798797,-0.0345812}
{0.0106236,-0.0512201,-0.998631}
第3幅图像的平移向量：
{{-2.65698e+303,-2.65698e+303,-2.65698e+303}}

第4幅图像的旋转向量：
{{-2.65698e+303,-2.65698e+303,-2.65698e+303}}
第4幅图像的旋转矩阵：
{0.978424,0.190916,-0.0789823}
{0.188365,-0.981338,-0.0386506}
{-0.0848873,0.0229392,-0.996126}
第4幅图像的平移向量：
{{-2.65698e+303,-2.65698e+303,-2.65698e+303}}

第5幅图像的旋转向量：
{{-2.65698e+303,-2.65698e+303,-2.65698e+303}}
第5幅图像的旋转矩阵：
{0.905168,0.421045,-0.0582385}
{0.416568,-0.905973,-0.0753924}
{-0.0845061,0.0439825,-0.995452}
第5幅图像的平移向量：
{{-2.65698e+303,-2.65698e+303,-2.65698e+303}}

第6幅图像的旋转向量：
{{-2.65698e+303,-2.65698e+303,-2.65698e+303}}
第6幅图像的旋转矩阵：
{0.90299,0.35106,-0.247721}
{0.304273,-0.929555,-0.208194}
{-0.303359,0.112623,-0.946197}
第6幅图像的平移向量：
{{-2.65698e+303,-2.65698e+303,-2.65698e+303}}

第7幅图像的旋转向量：
{{-2.65698e+303,-2.65698e+303,-2.65698e+303}}
第7幅图像的旋转矩阵：
{-0.940706,0.236686,-0.243008}
{0.278425,0.947946,-0.154526}
{0.193784,-0.213022,-0.957637}
第7幅图像的平移向量：
{{-2.65698e+303,-2.65698e+303,-2.65698e+303}}

第8幅图像的旋转向量：
{{-2.65698e+303,-2.65698e+303,-2.65698e+303}}
第8幅图像的旋转矩阵：
{-0.843057,0.52272,-0.126563}
{0.532854,0.843727,-0.0647397}
{0.0729437,-0.122019,-0.989844}
第8幅图像的平移向量：
{{-2.65698e+303,-2.65698e+303,-2.65698e+303}}

第9幅图像的旋转向量：
{{-2.65698e+303,-2.65698e+303,-2.65698e+303}}
第9幅图像的旋转矩阵：
{-0.878255,0.0390345,-0.476597}
{0.0535312,0.998424,-0.0168717}
{0.475187,-0.0403305,-0.87896}
第9幅图像的平移向量：
{{-2.65698e+303,-2.65698e+303,-2.65698e+303}}

第10幅图像的旋转向量：
{{-2.65698e+303,-2.65698e+303,-2.65698e+303}}
第10幅图像的旋转矩阵：
{0.945833,0.0267039,0.323552}
{0.0394571,-0.998679,-0.0329199}
{0.322246,0.0439032,-0.945638}
第10幅图像的平移向量：
{{-2.65698e+303,-2.65698e+303,-2.65698e+303}}

第11幅图像的旋转向量：
{{-2.65698e+303,-2.65698e+303,-2.65698e+303}}
第11幅图像的旋转矩阵：
{-0.99109,0.0536736,-0.121899}
{0.0119472,0.947345,0.319993}
{0.132655,0.315685,-0.939545}
第11幅图像的平移向量：
{{-2.65698e+303,-2.65698e+303,-2.65698e+303}}

第12幅图像的旋转向量：
{{-2.65698e+303,-2.65698e+303,-2.65698e+303}}
第12幅图像的旋转矩阵：
{0.978564,0.180555,-0.099059}
{0.205386,-0.820203,0.533932}
{0.0151557,-0.542832,-0.839705}
第12幅图像的平移向量：
{{-2.65698e+303,-2.65698e+303,-2.65698e+303}}

